52954222
15295015
33933259
52140667
5741722
479674626
626983614
18829123
15840909
280630251
340613443
43173060
107125748
9534522
51520631
254189414
19112923
15693992
1260172386
15265641
115724271
14834017
190890578
37865281
149180925
93687464
11883722
21457205
19929362
120176950
19396560
16803651
41683723
179588796
1947301
155680896
35449630
23642217
18614130
38737676
237862972
1451773004
31801993
19539739
3290070855
1340093874
10388522
32780218
44170811
21322255
18665800
1068499286
41634520
20295222
346637907
41269920
61496228
1543830679
20570337
24745957
122735017
292929561
22545491
18622869
49990915
18967418
29723477
67102922
56910690
14688489
115911638
9133652
43171801
21301933
92183278
15933690
84620376
15985545
28423263
82643763
15908429
9486482
133052366
303861808
16491569
316165422
56810507
100534628
16843704
38213241
17066782
218779638
19333719
255671573
50848248
1135388684
58379000
14434063
30912937
292935209
17726384
68814545
171171584
146167871
18639734
344864408
14436634
234540332
1797991
190905427
36654245
390973130
113382970
263426902
1342861723
1154894353
30043495
6620762
93241358
15160884
21111098
1129029661
79295663
117821354
17277651
34675554
153865861
18000662
52060506
19077055
83922884
27928374
25645556
15537701
61250271
83901492
17289717
93575832
27311044
10326832
294728278
312243603
13733492
3281853858
189129306
15906868
18956212
29774968
26946495
191613738
260841091
42912666
18244358
175102610
19952863
109665242
217545284
23970102
19327925
36764306
21305855
312134473
1037321378
3803171
25673628
19913907
14061583
3095493190
14414279
600991865
26780957
126369849
21270032
2730150631
17634686
15670644
14410652
24030827
245983319
16135536
36117822
47095259
116616867
292594517
16681146
16396588
239871673
19716781
14377605
426862142
26812918
233601235
16248413
15031183
47891535
582931822
19673700
18909919
20
21878458
18683734
1578051320
15436633
16162682
65551087
236279233
1564371
16529278
342072272
55244226
54208274
16925437
2933760046
54647745
22529427
22170482
111141045
16153562
23458577
65691824
65120302
45399148
241215352
142419647
19667766
103316756
17164028
7270292
28676476
386507775
17876489
49620730
326208966
1849261916
15657280
15588657
15035484
22120359
233557728
65493023
15965143
343041182
20017624
57002648
2862577383
16459325
16252199
50731463
19786336
17978110
45861760
137589397
389034983
15938122
3145255727
13787352
21776552
71323944
14885549
49969221
17983365
18978469
27055034
14125897
23195603
65431946
15503170
15641528
95740980
242418441
54412900
15861717
761783018
15852651
16064507
17111646
313344689
16989178
97910289
1106501
14056708
161329769
26051676
92572677
20999272
80366372
20730021
21969829
25491788
19216998
15726306
33977070
321797990
25800320
15485532
17602348
112740986
109979045
357648167
18351093
19238116
85861034
16967845
70468535
10102142
2458567464
70739402
22662550
9245812
26657119
34367366
30027177
198667178
2863210809
18208368
26755480
227088228
36785104
222554961
14426645
2340967118
14957318
72874723
267399199
165533941
48809111
18363255
447410369
63004503
43108099
17553400
254186356
208931294
105925025
45499651
19407053
155585373
15173859
16366471
14311992
19424182
245406432
19612749
33882374
19669596
16031927
522526229
240334048
15762708
211388399
1002244244
14845376
153558139
42958829
1491005960
22272027
15727817
19802879
60919240
21572351
14339587
18513241
35290839
115979444
14304462
555593757
552044121
11102352
16930489
21323268
14368074
14915538
47632905
18938912
2304017702
41387157
19069733
9376622
16029780
34022952
132201224
17525171
15675570
33788397
55076952
15876673
190298721
31496613
52052011
151106990
51462013
55045856
34274380
47350034
33591713
932446728
9843332
15891430
18560231
20109973
93876666
155973490
24448865
5511332
107545479
612473
55421408
142332083
19173519
239974061
409486555
53941120
82717376
18640054
47688440
1434251
3128101
10252962
19697415
62343633
2966758114
23272358
27052129
22250215
23976316
26778110
6708952
39424870
198526130
75367781
108376246
244655353
255719070
43964874
12134692
245419752
15886750
799068428
9755772
115753716
507529506
233783568
114511353
21878635
19195094
120153772
185376376
3554721
491719838
13218102
15905092
278687907
56734958
164691705
9715012
13804112
89814216
269375709
20708260
8793352
15537855
28652197
148006729
15627208
125855207
41124675
43955137
18766459
109446583
21010214
465123413
64496398
21803333
104874562
125775026
82959058
17836903
18791763
90405702
23789790
110445334
131500972
82151660
109280446
1322558402
943814922
9836582
82453460
11855772
80568825
15715842
29309901
36510873
35017909
29620256
16267319
46176168
244167280
15732704
12089362
322699008
15492842
1861751828
8184102
384913290
5577902
66369206
17564591
249677516
33660256
13
1071402577
35218566
23794763
19053307
19473742
16698389
1074412920
36564017
20646711
16555985
15460572
46417885
41758974
69427169
106291885
279105343
16405291
14079425
95506425
15029270
21316253
20430077
3305610617
1058051748
79743108
426909329
6112442
58115655
165791468
16062865
42620459
80940214
207507805
54320038
54943732
1339931490
18991321
462104542
816653
27382597
149315713
102455692
132204008
21251668
970207298
65647594
595515713
214620546
50011708
2657143946
49715850
28609908
262223982
20179628
74144130
172833512
62447206
14370819
310330192
20150502
263936580
16343974
33310366
15763092
282093902
15956067
15764644
22915667
15170346
14089912
15113571
153083172
37666984
422821099
21307076
18087749
43421313
15393337
41406567
17718887
25108518
15485844
347627434
33998183
16032925
41017380
20245775
18021621
393562221
48117116
15368940
20813112
32071013
22149280
111627001
335537750
16113700
342130924
120129682
45641358
546820570
17137628
260479308
15234407
2359926157
22136453
20873135
11388132
80956768
19148372
76456274
90484508
222140591
15846407
138479037
16890518
302881437
41402405
49304503
100114214
15726135
11695472
624413
1061385474
23484039
499109830
331816614
126677368
21369688
1499993378
4923811
28570569
1055907624
9720292
111635527
118540429
78431501
249384564
34315765
117537998
22097803
27901418
16316895
35002876
24024778
14597239
168674628
23849615
38707559
16705761
29898014
19948202
58242325
142490217
9130702
103130238
20435808
169596992
976969338
137794015
50036176
29255194
56552341
22225649
937801969
22504543
9755262
33514869
41416662
23049130
73206697
85634199
275572403
110823581
36474003
23362301
196290799
247033019
17759597
68801460
122174004
16002484
1435461
17973421
74294786
17033908
16312165
15368404
72831557
150737366
47837269
16261513
37917164
59801837
14199378
304576970
57917441
243000634
73413771
1128781184
369232105
109071031
1039653806
19371141
31185990
37261304
138510294
127539363
252110905
13491312
7144842
85796380
22924446
18767699
26087378
24881081
380648579
48043084
18149763
21877897
18496709
85849661
15481070
20097362
279634424
76601805
142843687
80361644
47402168
16888571
271128404
37692417
224685124
18804691
1128514404
65919935
156333623
12670512
26441991
11382292
1131917492
107443213
77839894
15367660
19661363
15755669
183735745
19417492
225921757
19405166
198980151
334889455
15705830
254775647
8006412
110004599
3459051
61285110
147666113
57435183
19605279
20861949
19188848
16598023
15615783
76812873
17037940
35773039
50374439
17743015
19926675
28330904
69193833
22059342
23970171
70118472
21333396
408816873
17907578
15902990
4119741
44988185
21329888
17971429
21312077
37999041
47412499
167623637
20467163
20182089
732980827
56469022
60223057
35784576
117543420
15755677
45436858
524396430
24234881
14226882
93224770
104446737
15922521
18083519
55018701
14245722
17119688
564106953
15510241
19109172
15369355
12927812
155669457
234573331
48581849
364415553
369697377
89681569
246487026
15488528
29598035
16017996
19115457
63246339
114887629
18090660
6798832
62639813
15743525
163598915
249716607
32626056
110827653
15219770
19553409
24801554
133894361
21604766
27225542
14413999
20015188
212262370
846150961
5336752
7770342
17060020
15232374
209941571
31126587
168700151
15756288
14856348
16900618
245572815
16242309
22831059
19359576
237312687
317226055
16651210
22139417
97171189
141229888
296361085
17899109
14262212
47285504
59143682
705706292
70709534
15368065
213713264
15941955
25360971
47747074
240790556
21346398
141084952
128658514
15532898
16125224
15763535
250188760
208736091
24464743
20658469
20020575
17085539
77032777
18915709
11771512
22262553
1652541
18313747
25589776
228747444
45931428
16830572
180032621
935033864
19245431
50115087
111799309
113036476
18486746
21186125
47404357
135515077
6450322
15778911
196368765
50702694
18723501
30464532
14956372
41363507
16311797
22978395
477485439
59130623
49105997
61349535
10025982
11527072
282695161
16789970
74588583
21891923
29293808
114785533
15007149
58667990
99645483
22107113
57405911
30364057
2964351843
29412913
14478046
15747938
20642650
19219492
15765991
16648790
40318829
18019121
27511061
43367554
2964877294
61592630
1058460818
14055301
16435792
612117635
57363366
1853114688
17620349
389759292
35039244
263815367
116505994
23617498
28164923
8071902
20538410
474464413
2248872301
22669526
15394528
236220226
26257166
14949858
16793287
2347049341
16245822
435236285
86133628
140519774
1564057105
14347972
89792919
48566603
54900089
19084128
36563254
231108733
76392970
248495200
22203756
32604577
1947265657
9717322
15300388
610356259
61585965
14062180
63502107
13673392
14078808
189180763
17449843
68219213
80681990
15462053
346781925
114756202
15742985
43996908
8251132
248837329
15759387
17004139
121305860
173321172
30875418
59159771
14532256
115166212
206721200
14204848
198323147
118245138
2978291435
7597712
294270520
317608866
2592023390
313545488
172920948
55896443
237299871
475988505
40912473
7215512
384392601
174369590
109431937
19107878
913586352
309883487
299802435
21728303
182819523
17279281
161427200
22278303
17391442
316389142
242873057
156975310
18789002
15617631
36452050
435500714
27147528
15602331
46557945
18004222
237048219
22692199
19658936
22093595
156016878
161319475
20604754
21312469
148570475
20608910
17013288
14763834
16600574
128235400
17609675
314037743
81192849
55235265
22946048
113758100
41186732
23999194
9075852
18089641
318531893
128315927
15896625
21459990
18645152
24439201
27759798
117928875
23764675
23760680
20815668
997285801
19785194
2966570782
84388888
201802474
83662443
19068885
284742585
66891808
30095477
14335586
114782468
86141342
25292876
16129106
60628575
46719826
14159148
291941733
33655490
19918558
14354476
457984599
73198063
27151743
122226401
240199983
59592572
17358750
221484024
17144765
7350652
14007532
15896464
54645160
1045110018
19598173
26028938
177927463
822663973
2863228577
455306401
15754585
14840162
125128428
24769507
61782928
57751453
257582789
13028602
18248294
14466538
11604782
17656680
78677709
18695891
33435693
96442308
24773177
90947260
184860130
807095
23825303
26097041
309070309
319689712
509726800
20065440
22875103
1175221
15110431
162069635
49697450
28918971
55261443
15513604
188376042
15463486
22090282
16371887
169586280
35549780
157102090
117777832
28332443
48779464
75600769
18726942
2968007206
15976697
12733642
34340464
19918047
15891345
22547819
23578274
18277655
20068053
11651202
6487292
16132087
74247792
137823987
48388417
16721461
26077026
248735463
796409
78408666
14216438
245649240
74057037
385702678
23619177
414331122
15827095
106514937
409456907
281610530
14221917
52779839
97963837
221162525
331681951
31454635
295466696
44626981
21368060
262189336
27772478
2966765501
24190626
12788332
233949261
17544524
126401831
39207632
17120599
46764631
15481585
7998482
20258816
50128726
15135675
18217624
17926342
18646108
54229868
71048726
125184430
219350591
55155523
33811812
15131310
17627001
34129655
71028773
175131510
23648179
1613575663
16337264
19670455
41404738
18865635
898491
233985354
18102933
20562637
6999982
266772387
190360266
109065818
13837532
40553282
72906858
18650159
158495061
15428227
122226713
18713552
85322445
2975091705
53222666
266133081
226286968
3137331
50703368
120181944
105542379
109287731
297067961
17752112
15837659
378848483
200542610
174793500
16098007
124237063
17104919
28145061
18037344
213795411
14560097
21692297
16906137
60610799
17793878
18344104
199836680
14839147
33600887
82901787
236916916
217530311
19425538
17951924
1854981890
21481343
133801267
8128442
17095918
14885540
15248833
28031362
7702542
2914163523
90934547
18034923
78387677
26596727
87510313
17168586
380581302
20254142
9508922
16261445
76381104
70476832
160720376
16071123
31395001
192441406
138770045
15101714
25755336
10376152
21421178
11379362
21240602
259403099
234826866
235217558
133947893
510516465
20209807
14154518
381152398
26459660
18086993
115111016
1090002997
1222257180
1693782354
18233057
108686283
16545263
60329634
26749459
16446177
249758564
17907878
165204211
123910334
16369359
16187637
20088666
37710752
278582590
266830495
245891006
42913132
20447793
35014834
26548315
14471411
15667802
253604734
16072058
174355863
18993395
103060329
20776147
213634439
234022257
22517990
274325894
22234257
242772524
14275291
19286059
15234546
49634881
34743251
21783950
17004618
236479311
75124560
23944104
39779166
35474809
50647738
19121926
55329156
293131808
1430692574
121656624
2951574214
28162128
188984590
18539631
16380122
84119348
30948168
10691752
273401647
91038197
28468549
22037129
16148677
2914515430
160561302
10648962
137472360
949934436
15862440
201882918
47415772
73181712
116877154
486900479
58287227
124490608
115485051
26804204
29501253
14335880
68498034
716564185
2167097881
19914257
22891564
59589510
234044087
260419014
291903997
20251654
44702959
21797658
25017309
22812754
27444964
17466186
18990471
23112236
17275727
556051103
58415867
18444665
32441546
5656402
136337303
2317351705
252805688
19269183
29766367
30372129
17816420
284664892
15335534
216299334
112047591
18790963
2494736924
19891734
1020058453
20609518
2962994194
272566480
20068679
19554219
77017567
115564212
20437286
2953713339
18963842
113473917
55885084
27939337
84445191
20020286
21669123
18638502
11856892
15700171
17717287
6519522
17036898
16492753
25330246
40927173
52426212
2966205003
60693203
1242040290
19980950
120181732
10494822
8542882
18896440
33205490
105677153
68783970
59225745
111700487
23124635
56149176
14437914
14135426
19037454
125453969
28172926
21443773
44438692
15111202
28654816
20378448
241201385
349195650
2955485182
262756641
14730894
19167293
7768402
44403079
50406326
37759047
18190205
11856422
148529707
12726012
466519303
164007407
46469610
1883356866
322603418
18058609
18001786
26792275
80579719
58120509
58228306
49793110
305145458
14747825
5743162
121469977
4207961
237446906
16370676
17809507
26533227
7841652
191589342
16689723
157089828
49729058
16100318
274164368
13361922
14333957
2321122291
1045853744
2232041
16104258
16739711
151519500
17513304
172858784
23134068
61582966
11702412
238177562
324095750
15316113
242761889
14764240
183310120
2970462034
7302362
209792690
299883942
39295587
16030076
6576292
6332292
143812180
38613109
39510422
558769636
31464192
82509878
11731322
19188991
7004382
36183582
57221477
23784443
33537967
61113285
135166789
122207745
37036297
93965901
153876973
23176276
17918663
15948219
23203100
381736092
727472528
1601549102
255347566
13783982
73620211
18124790
454313925
20267484
24557446
14434011
14620003
104615577
153784150
15909372
45577446
71036272
25946686
38833974
455024343
15727697
28140646
249844732
20073874
159655293
14980820
125746882
133439172
15711730
292656663
82282572
632466068
31402393
54011853
277124730
540122045
325581008
21323251
135108504
54885400
5283382
19843008
18137724
84406725
148491506
79258361
261918703
25091723
163656981
343171266
176406752
108779641
17074440
49855286
78995028
17658786
12896172
2953494478
188857501
25110115
991496851
164412502
252115520
126062842
15919256
132496568
74477942
111328008
52102451
114497182
219429281
23967935
15116570
26820275
20536157
14178874
9624742
259395895
17025312
134849548
282545479
7228682
53524514
19405365
50797853
216506034
88784440
20067354
68730426
11680962
17112878
14660096
1009269193
171733309
15214193
25562002
37666708
28819823
20243128
71358042
2517988075
104342107
980611
15901113
7309052
114878028
66602794
161801527
2927758254
1563398220
2194467816
15097698
21213276
5490392
1710530342
33256849
24298528
389840566
76043920
38484359
16045066
46184745
13215382
27922157
17655804
3108351
1531521632
217543151
21361003
14726357
15762819
413223602
18385910
136550204
1143060714
67358777
13918492
21927612
309267226
384915512
34638973
22286602
170618342
10126672
148936255
369553654
62734246
14848798
8695932
22523087
14352556
16635505
24278642
193747484
21600922
366043880
888621
104299137
17622723
456806128
93657038
48353677
18963809
16096735
86330984
8861752
39580052
270017791
21873714
1093090866
57338175
1180379185
45669384
45371411
288751432
1712989190
18805303
281540744
133022865
119048111
161356025
19850687
16441088
16658638
486694111
19665271
65091778
30050899
74829020
234002627
15485441
25053299
17644000
32789910
18323740
7455282
18182408
26777550
15572155
39542662
206487352
105281551
5484532
21406834
60113766
364564017
8082302
163995093
2750127259
24247327
10840862
12354832
78693274
425134612
18528834
21509894
56167383
15978412
912608010
14412533
17843439
37599351
2312829909
942156122
17563655
62847435
27240103
25564548
598853747
123327472
95431448
19677553
1017637447
59827454
1072453910
89731752
1151590614
19173787
288308178
19506790
34402366
225116996
15703576
100554577
44935627
2488541
253872062
202396203
14842061
18208120
14841020
28602948
155642785
20879626
21269970
16711026
15092872
8565452
113202279
17461978
133832049
118756393
20087888
15987296
23455653
304061756
188478027
24484212
132278386
374019904
63249121
15581825
17192613
29455548
2963445730
17513576
19805496
23664161
45654949
88806753
1405337395
16036700
249288197
16057477
14513611
15751083
127861493
357162119
16560657
101879021
17340781
15735191
20545835
366606110
633924423
16955870
17629860
37461389
15896580
1487846678
2260619350
16285830
54338361
51486676
19621110
297690193
15741036
34240147
156703580
15159913
1004956382
128393253
193785644
15446531
1011308629
23839835
50432286
48038024
2255182597
122396513
193732179
54672223
18802261
24388970
369602017
28160998
17813820
22508206
16545444
30008146
19495105
221135570
25471127
22012091
15931637
15351784
16624174
242518427
17698956
4970411
74164455
237763516
28113052
39008044
2469604452
22990962
16196492
374116636
255952990
104973619
89028052
44783853
17046368
340997626
18697888
15729617
31053563
21148783
229966028
176905080
43958971
135558864
49686679
196168350
116341480
757893380
91578313
19828037
144756663
261023298
51682281
22017253
14811485
59145948
33986037
237944147
97239626
1111940934
362510239
216855513
55677432
1631159347
140286364
14270650
2916086925
8234132
2953922782
14870670
628709039
17961886
21525246
22129280
21059384
1059240924
21496427
15506002
198567769
15391102
19980678
28585586
64161351
16686144
14962779
1375289149
45869761
17998911
218205069
475286355
20635633
103922067
49442241
14495726
59486472
20954885
15021918
45656004
993972252
15764657
23375171
24239045
78231411
874916178
15853310
19659031
17389023
158470209
295899118
46470122
43910797
793992
195898927
15309804
15164565
16424044
72433559
21286108
18125710
18023140
145773758
357606935
89005882
16228398
461720085
1099199839
27649741
48459553
23080711
423610904
121566546
792155928
29244617
76966145
25300308
222666657
260396714
104631905
17976923
13201312
126980084
36047098
42259293
245516606
19038256
21862217
16859117
17872744
36042554
21346365
20175865
159619843
17596622
187993109
15855640
18963692
16666748
47238678
22914905
21381690
27457788
33960482
15302379
55009164
150688795
17494010
18194487
1530850933
242926427
30906163
86364947
18215973
108617892
569666511
15906481
15600527
432854654
21829480
19918986
49773837
16348549
33898911
75364211
26548841
1581759588
27689907
268476335
14745164
234837632
79022250
18653221
70489839
7591572
41395061
20362705
23995748
32774989
342821167
182824991
22509598
50044510
22341950
40875530
342806058
108424611
36683668
47438401
461515145
37074061
80472766
317980134
63877097
73448937
204905640
2272531993
21414576
10117892
17139736
248900032
17107316
148376661
18501487
22715186
3210141
82033951
19268706
310424310
15022633
2382685057
1077214808
16073416
18954631
43920155
101846064
16506355
5654712
220009727
31957766
154591966
351133674
16543775
182251918
17463211
5746452
1074518754
344201516
599503354
80136311
14323759
16753660
239930426
20474813
108496256
935594107
36890646
76715323
19940085
60403024
19877680
20715936
2609775320
45398966
273097675
17094493
169561374
127605667
28123862
16547587
17491498
124196924
14091091
389017497
23593446
78623653
519521403
15988710
26283468
17827531
1177437224
38530021
16468012
62437621
270013816
14173315
16102244
4388251
24913074
39298589
103087786
15935628
46180114
915514734
19036725
30231097
83616201
14176902
17471979
272022357
45640578
18956073
1155335864
281593711
56532503
98912331
14251225
1137600571
105187267
134870834
19734832
7212562
18873711
63652429
2510906472
18170896
9648652
15694484
50446226
19563355
41164967
121788510
35027698
487297085
245220581
17718497
14774189
16605755
30005269
9915942
14331688
10878852
389276966
1135399020
371800458
54446722
89292711
16016427
16815644
51728323
313540871
17870903
4369541
16404712
19394188
46729604
24466578
21674448
537156670
20688358
30437038
233842454
95973441
15754281
16170253
60680268
15008539
847907646
85606078
19616718
294126378
325770743
16036525
222195455
15210284
48038030
158520264
8936082
26574283
59771400
98944905
24678755
47327366
3047090620
300497193
1539675883
25430081
60713593
19291441
743585142
18683964
108619944
65763420
65466158
485805200
31534918
14708747
30035684
16581604
50029551
130600206
433034412
20192403
249410485
246500501
39389304
9830752
617382180
107807966
14073029
20808855
15264675
41909059
381725263
22033957
42442665
24554234
20281013
18179659
49639096
57428429
346711949
18216752
81139286
17198896
13984092
243797058
2964222544
74825169
15891841
16697527
14385676
11621822
46554393
16405372
10486112
1262814457
14173084
20552026
745447032
300552750
15444711
24164958
92383771
15309072
2962813893
14427403
15905103
30216513
17830360
15320603
234822928
15739391
27090222
485924782
20732463
16378486
17850012
15160676
75052666
40069846
21901272
402719755
14602259
317817201
308721230
19609871
11857072
81191343
76452765
90971376
62442994
26688378
5357812
21268897
131055748
14552725
48144950
44134773
22278349
16715398
14401607
16097702
19824430
261852987
81187683
16950863
23696410
522282462
17502682
19091173
3091316093
144350248
20957191
25704351
45994332
216446925
14897840
393596432
151444950
15441965
76163900
36274813
126118634
14575708
151963505
42159561
172867574
352401482
253252536
37986651
337742544
113120733
4528691
32379396
18174520
19367142
23606500
10886522
67378554
14517538
21542518
46441055
14757714
220393861
28162811
10850192
19611483
15212187
67393806
111635980
14246001
1754641
79011908
18061669
25146084
16457400
106520446
24926288
2433737761
119245817
16369269
27789999
249368015
37764422
66768858
1262099252
240376522
361321755
15939889
498308303
14266598
1198481
19865528
24773493
42980426
342819347
72547151
28165440
18176907
41445718
131538331
60627728
20058011
245408102
30534986
19674502
17599655
356199275
16479176
182503471
41207697
306304686
24924235
43632419
15822969
749375898
232177822
27860681
18612289
28558205
108437634
14955908
96831824
15973881
9855382
516880804
24622734
18080708
12011422
15108530
158129535
50769180
330361451
21122578
33655512
787373558
34972633
28614262
80944550
15985852
15808765
16358097
21857709
247723476
15946841
1058917562
15450996
21360690
114388293
14787713
272710377
156656964
132332780
128698420
34776119
57430197
600463589
31057963
16326882
149982376
59996393
45445240
2253968388
51964801
53487798
125212215
223970563
1397501864
18089606
39367703
15430418
10222862
21612122
18760460
18891923
13493302
34643610
39279393
21328656
9636632
14268564
15751056
16073043
297053549
15966258
33884545
25414167
17877451
59425403
26132404
577690047
30086404
1507338108
14282169
467640977
15677585
16630062
2193480787
19387955
106849100
16212685
16683301
54300515
25558984
19632485
324230103
18087197
16056306
76420352
11877492
36686040
1615463502
93761782
133027358
15907720
318464838
1933161
117150125
37291805
13557972
50371921
50396479
19541375
518841067
22956220
22812434
21829541
22107725
339822881
20073434
18166778
18030431
21787198
19293193
166252256
60688326
97465432
117876714
54034655
1061029050
163209579
2836421
19491594
107792558
14250867
199721359
27993391
16045956
26537621
369246180
2097571
26015134
2929491549
34810105
4816
106800773
18466403
250884927
50325797
261289053
44215945
1009054656
18909534
17167550
21308157
829713356
19318314
1120298527
33972882
23912630
32576041
21059255
58683409
240921277
234014087
1055515873
26083271
102789488
16462209
369238541
242770475
19430999
19211550
573149116
476193064
18557258
22162854
89894243
18791654
206445421
6323412
24933645
18927538
197594920
20252855
112763422
2259259550
500704345
18688579
155954102
17133872
78694788
55004670
40510796
161743731
529973619
40302336
339852137
69181624
18738694
161411080
42924141
52108410
20822875
44873497
20402945
2856787757
98543618
17612289
116559622
17997990
44295213
36676406
37564255
24742936
15771482
21870081
593813785
73238146
16438494
126171100
24737373
16313934
23201727
1092248911
16621525
2571582085
14736234
15154248
15816595
1603381488
112283476
40045792
59123957
1071102246
372300596
20217019
229197216
1428441589
54630464
59603406
44614426
31583882
247416314
20436059
6576492
32765534
27793335
15442036
204599219
16049790
254777469
16099657
31035182
25169797
18487054
14074515
14219877
5695632
14884201
56401482
18029328
128659076
26808497
30736021
44251742
11856032
80628196
785414496
562989744
85850590
128246602
82116947
124458035
20508720
21739931
18164272
10615232
270067927
356291170
14133964
39511166
15507433
61853389
232268199
65707359
218542998
44397881
31581851
16184358
6750202
21925787
16163121
26953478
24959108
159362503
24928809
14755492
472541504
29849245
13067732
23121519
242836537
31194905
15281676
325231436
76936279
48398586
2847221717
10546442
4099171
103022243
599329617
13058772
17971455
14197312
34434801
20998647
50652364
15954472
234057152
91179070
1048784496
7152572
54622050
160674277
21343653
50446312
49698134
21765244
1209417007
5539902
16002085
142334996
126644609
27781693
14429106
73410119
57360176
19739126
9345162
22685638
87818409
24920395
27744185
2482022082
48149896
968650362
49140008
14700316
218982732
27627968
325897784
42412168
16226071
16817883
37731615
227837742
8942262
42734224
19785811
15715665
248850174
36396752
111334252
16557667
16597389
53606937
48109396
1237156340
15698349
40931019
545528259
112526560
14132503
29442313
22728467
243337600
1249982359
71070614
20100423
28279637
13850422
138895307
405034710
55370790
19302840
211588974
252254916
12
16028241
14128054
54769979
390176029
14888467
25550105
249726335
23775782
36681590
19658614
15824288
188019606
573916220
39589819
16317567
135575282
28401561
546135718
807253855
21795874
22587869
59141515
61206798
17927796
35904361
64808610
14389132
86776195
17671349
20517132
21846304
20823648
16012783
257038465
9532402
239949176
130945778
20545793
16376937
21121491
342863309
20800328
17093617
73190286
18168068
15032862
148845723
436925910
16340501
15256077
64420220
21780652
50438243
129997410
15225507
48086014
19942100
344516847
8161232
158414847
16116288
3135241
56223278
23165680
10031172
235312723
16413730
506033683
159588456
19418459
222574347
17918065
29465136
25073877
26754354
21332200
34113439
2800581040
73453532
28856628
227037531
18905115
258082407
249787913
18812301
22313347
14384907
15146659
94013297
14999172
20852178
610922415
25763891
92186819
124224165
9862752
29634049
17906632
69066533
120342217
21826591
20346956
18163893
19097379
186894262
19024627
16727535
48073289
2293131060
91386979
19926983
24539426
15784302
2968451607
15649433
172470598
17824322
14728168
31037199
54322823
187272177
21707592
29232480
9252212
114854440
2350490634
17495624
386092483
15950086
91478624
197496309
12413032
16895274
165998897
18916432
15679641
24733117
586671909
17967675
15029174
55722849
112549655
16282011
166219963
144986277
30815935
43742675
20859704
16906530
2964949642
42834939
30111381
21014087
19402238
1253431
15641893
5990782
88750092
18227519
89208983
17518344
27676828
1058717720
258900199
17993906
30003842
37419748
40367637
15207668
17918869
14075928
19616327
78699094
15300520
26900055
15724082
21426423
20694543
217550862
16476596
32156297
11622712
25911044
65651571
68471280
16753058
29235589
562385224
18890707
23712174
17346287
218267731
14327933
17920055
43024351
947843994
41178510
21795901
106597684
52422878
224294785
10419
15871277
238269188
462169232
18594418
24280515
8512722
12654802
16300786
88007912
17451742
284296658
38516217
21925979
15950882
16026940
14934964
413466731
10685542
35134063
18782656
18382184
55355654
24362769
16083576
9335232
213295930
207243664
16787084
17469289
2485930448
116832720
73303753
14425965
87063281
191477653
16172991
2316003960
314287177
15756963
72936647
16244449
100818837
9545002
122146840
18805644
26122639
15635604
15134782
16827173
19539082
117633137
1178700896
16893035
20347310
22267198
21023209
29077741
7116142
23819676
47991586
1335517206
22650211
28657802
27205412
179245596
54237828
101966401
23232204
21821061
109579534
2863006655
2734713482
58708914
119372054
18990627
17787705
308230587
222286905
52660746
48389713
18812572
14348157
1068470480
25542877
26287372
17291519
23768237
65672919
144189766
2467791
18795453
28181835
1228149708
24422240
22934648
15959560
21157904
18497595
16721061
418078050
19366401
352510850
16940885
40277246
63312155
38013922
63753027
15335662
15134240
50452197
39787282
63864872
254117355
2375533844
2786564756
242892689
98912540
16667912
384910109
152142811
23631885
20461521
34942224
16160352
36260866
233696188
66798264
18967498
215021528
475294870
1614054846
5840532
6753582
15099295
39982256
36584559
82167518
18693598
68739089
102488708
217083195
423631401
7039122
34713362
14526877
16303106
43197903
34523410
14165438
20109439
56202097
97298155
75449182
24429904
18580432
52484614
236511574
18510860
960696949
21501255
59526518
19885377
227682918
14229390
166990746
14836546
5745332
63169388
93505671
33102269
240840748
342803375
17602541
12804312
186646579
16645321
1715501
29205600
991821667
294902433
370808273
82649553
19312039
39701676
26350330
23569837
176646411
218952383
227790723
68999404
158806099
441938188
15945324
14282672
21136403
18393629
23911915
23258618
235258843
2976598347
28238988
17746914
14930128
170336271
56828100
2891210047
291756142
43623734
18185540
12831902
388468632
11469852
86697288
78369108
45671898
774909
168485883
427168299
21921531
17924677
1055685948
15646174
44136028
19033167
17237540
333692333
203226736
22772264
402957663
138774153
89193992
238259855
633980404
243271477
2260197309
59676104
432676344
235289157
22983019
2852998461
158007643
329913473
211636625
1243902714
926601
23803659
418991627
58592705
1134148494
10791192
55338739
168531961
35664186
31181743
20076659
7380872
25463212
16425672
15650573
1065995022
19557449
69297657
96899214
14146966
16227442
136682183
57107167
126722715
15647676
18994290
18146481
18557573
240363117
33972168
16248319
14592723
12916102
188417388
18881645
17928925
210684204
90649509
90725320
173925279
188793260
17862442
31540671
120180668
14345062
17880546
263758909
108726910
15458694
2962681881
21040780
44439198
16873037
804455
1069124515
18229081
8025532
26816589
2194529533
28263009
1383059977
239905257
15166261
18677951
333176788
3018670151
85612928
76649729
599454226
16181186
31310158
22089915
21261661
96695061
237477771
236480864
19208942
18746658
9480572
14140370
21778016
79815672
63174700
22528309
44660449
14411304
154688160
111400999
85396297
14824849
24236494
243840731
15446551
20071903
1025653922
234057437
17997831
15972765
19026201
259364314
23120241
144570961
37920978
18213420
1517267136
16935292
263879706
5988062
69160674
293120622
27882000
54546430
18005085
19608297
77282328
22052282
1336169892
2223157392
83668232
246989901
575766234
2425151
20086360
15228276
17918561
176093993
330592913
19489239
172501766
399655298
19028248
18695134
15670995
17050594
15912009
90408018
37000133
369245377
17061263
20809530
63262233
14849562
21249970
56681659
67356654
86343252
1071777608
15725659
1072467470
12245632
18549579
236026761
460246990
16156419
20772763
225988631
76350004
339529477
308276891
7429102
17033353
114050808
2930635215
41439081
27245742
27754737
19719579
59856467
115204256
7900962
382791093
114896223
21619519
474232856
31253047
1603419038
80111587
18906574
30167133
18776942
19250369
26089178
58875860
42711801
87103895
17968875
17800397
22019881
18067335
21693060
199286398
18916728
14738157
21048033
28096105
6608702
612896910
74820061
97503010
1548158070
45573874
20168605
22642788
167511780
25910039
15378621
381603450
18983793
19686924
49105595
17235172
555474658
10228272
25085215
18058317
24112747
53929374
24196684
29063765
633855519
541329760
211420609
18317325
26513860
15365985
59331128
534494917
1967216306
7074742
701725963
28599820
235196204
103447346
54311364
25770408
14904437
133448051
167024520
14365762
26316100
14750858
29487664
378752087
140640762
292495654
139909832
26493862
14150637
15431914
18587457
2864384387
120120773
171154131
49204865
16374678
2869746172
55882303
56864092
16878156
14854961
10042372
103952733
24374384
26078152
125448135
224285242
18885539
1364930179
316375309
18773159
526784196
21234528
18251414
15099539
127908221
64027252
18686907
221153484
14800483
893496121
7663702
2861616083
1548489476
21252385
8036392
258885469
12926172
249469549
21355783
22506222
15570565
2974648323
49986034
22536055
63602081
24619328
54664781
29515247
32719468
16101182
218325695
115718513
1665514478
20058174
74515918
91180720
9589252
1330457336
24438725
425889480
14662354
15324851
16041234
440688620
96195724
19983468
250784170
43919633
244722043
30239133
272019676
24914494
22819917
18144612
20596281
39308549
1305596696
21215620
103073663
249339682
1429761
16567705
15767195
59969802
11134252
23848444
16146535
41019773
97963881
1249418526
61122731
118747545
98554447
216016310
394741838
32340002
540257303
2962868158
12144232
213796133
21797269
23555906
15384023
4432431
67168554
323440720
19354391
16899221
719603
232992031
14266331
15939202
24506246
55027576
972651
20092295
39092982
45564482
47752415
16379018
19086456
21023681
60984835
486821128
30864583
98909375
28628850
30354991
84614572
15108702
177974542
22948692
36771809
7381772
14844867
241207373
20468251
14404805
110924703
48523902
15664289
103081016
17045060
54114276
18991439
1286312880
15554922
17487795
185349940
67194113
19069222
49986081
19596228
2560169238
33222598
10102032
172779883
259873788
21678365
15113565
17993620
18122925
69231187
38497702
165511812
20249384
16509580
38734554
204881628
69337453
1195343436
14588748
30225353
7744592
58908090
76445672
270033955
169207084
21344507
92544900
30243263
19553760
91671740
142383345
15950463
26637348
319100065
15773898
16801671
1623308912
749303
1089334250
76698951
18953266
36232215
352462668
43409523
6393032
21022846
29201047
233693291
25153138
18191927
22086402
278654482
19426551
19034656
12133382
733751245
20280088
64088396
1080509366
22029476
371465104
39986021
18979288
31448660
250492272
117561682
16054602
2890961
43986327
379962842
80654397
16703058
69315767
16057615
169785728
14998358
201079432
48847011
51831703
45688610
23814011
885149478
240760644
16746493
19139963
159599140
163570705
38449898
325001316
14413466
82144210
1064206014
108189101
233601728
24789175
50393960
14720411
46016028
119899270
21312961
17869798
10168082
14186393
40532762
110213431
19682187
84606980
167507135
215694545
125139645
179546580
54642235
93957809
15445240
235190657
147467535
16950822
74241914
6997452
16231145
23999515
27044466
34287054
15210410
106689502
54244175
232901331
160946337
18205674
17292351
825687307
17916257
36726529
25172565
120750710
15356407
9763482
239603924
14361155
103018203
272028877
185397767
6794502
463132556
26350255
10307212
14617444
25159286
16299627
25214807
15567780
97739866
44195577
15279429
176589375
108985543
64916983
48828085
729177876
22400347
813286
46479416
2178638689
14276218
269314519
89237846
161913667
9907172
42638402
19462341
31447311
14095883
38232012
1289319271
18856444
12272322
15669672
28416309
640893
16639736
54311326
18023868
49224286
15573154
18276341
274596432
15399512
1074480192
14800270
161344057
58550415
18486243
7684882
66386087
168502762
20686232
18846918
29216764
45265448
18221018
278145569
22076537
11348282
97625980
20466215
117882437
17466132
15978475
18943852
333663029
17291393
109025212
63500744
47004667
11650762
15741724
78421007
1074101017
16473577
131204770
20336988
14725649
23839068
138609858
262425225
27437359
1536791610
402029058
137466464
11762572
16742806
3335531
104324860
1281405877
19608273
42930296
15446520
21093964
58918414
18060355
38228095
39803436
17233536
7001092
6904552
18485106
210926192
232193350
61863728
193794406
6017542
65163785
31183389
159582860
14268812
141990034
31191969
292990703
25162697
33576489
20531929
7313362
59502660
93910945
15360796
138787319
15617668
60642052
297532865
53112255
18958999
20053279
15728161
727242919
119610949
22508473
76244630
21224756
19197093
5561412
432771620
24730069
308573576
41764193
2654291262
88976164
112471133
17044233
185680080
18498684
245412130
74508260
17790274
15887713
19543987
14216123
455872282
88040819
216881337
16672662
14505838
19670226
152866991
50317463
14803701
593234552
3317799825
102777642
15690503
40097187
17006157
38720882
14148802
908532632
1917731
19083619
7548732
22306592
28426047
14235903
240700617
20651754
23605505
148440851
16399949
95573246
14616459
59884592
26103389
15825290
18247062
245386255
103675142
8963722
140844060
385586397
119829799
14335435
17220934
217454584
463765807
27234253
17918891
15304856
16174854
574405888
48706233
114881944
2884771
18391051
15281574
242872360
14138785
16674443
21113849
15456075
217550103
21167235
57955878
69584077
18696134
18178768
1285266390
24195214
9109712
53519827
242618658
18271805
15934324
38036372
24184717
19258235
122567777
150078976
34795583
23634358
14240875
46681100
158831815
8861182
20958510
271441733
547969112
177427007
61842393
21044127
27830610
126629610
1051127714
613725908
452521774
15764136
148565166
147649517
21104773
43581352
14529929
11856592
135904937
76132891
850107536
15473958
50073507
58503762
701821488
789244177
534405915
38232102
1560444553
234489403
2962923040
6996632
17912982
360080772
36071818
61605255
20776497
16329199
18056015
16247719
18479513
26299078
432895323
2965083477
16028750
192955168
17235959
31453604
20786801
227418209
24305174
66369181
222953824
19397785
14869994
1050111
115745371
54598826
19039844
25320005
21918148
61295382
26430264
19828669
20841089
18345986
12859772
15893354
16882190
47790669
26007752
45828171
550401754
538185166
184136149
87498687
75375556
18566912
17831464
338553588
45156531
17133657
74724558
1444853400
18583823
33653195
15586316
15434632
479856992
56944812
110893482
23220731
121817564
376234071
12612432
12765522
232235048
657863
14049145
804861259
99949940
235373000
238321369
244128288
16955991
628559456
13160892
6788872
49217025
16336478
275451635
20769514
989231
5416322
14803522
169203819
227036687
15224867
78445977
476256944
1206227149
240737740
40923070
301014412
564111558
16542798
59157393
153181367
52763281
201791908
239964750
33602654
65453528
18978553
180505807
940368062
108807556
361342191
36719281
19937880
15046662
17134268
5568292
20582958
17814938
224320485
40938614
166304936
426041590
116198288
32995184
254189974
32858804
16006592
19923144
481439919
107922931
234186830
862430010
28195764
66524895
186881077
131144091
217489910
14345759
18170310
19512273
1140648348
293447748
20957491
54222623
1080950516
5693842
512174178
22830647
119110363
85418520
234469322
164759805
119245234
59947068
64729812
44673415
17850268
18146091
15923226
19719380
89496720
18098616
455764741
146099226
34976385
296060169
192315964
37945547
36588739
2328937074
2964526557
18920073
1246763515
146516713
15662133
299790272
571214272
356885109
148771088
221068485
205886080
3018910586
47798449
2973870195
60215516
20707070
136300373
14898452
70771229
47498801
14606079
27702749
16365800
2382117350
14499829
19624861
242426145
294909683
8999792
15506100
78965661
75785294
58581480
15560653
76348185
197183834
1055730738
35187768
1382011333
208120290
69086398
9300262
84077400
18101925
20777057
260845829
314335929
12811862
17070113
15731751
252819642
21252618
14351178
248699486
19114646
153486399
118173606
49263032
4393001
104598468
37590426
17477109
834069080
37481291
15192111
2209542872
250221324
342805933
20272531
7819802
15736836
19817778
105223236
48834856
17021844
602997805
9484732
21228708
16007460
19031057
14344823
133266449
309937733
18276100
88831003
17373076
112508171
18950712
18038834
91230293
44688778
15075999
11178672
1267940407
44945327
117501995
17651571
249348006
51228973
18036861
23594885
23255247
2970279814
1707321486
104991713
18664838
25101996
16742053
14084847
46131997
4898091
11270992
17546958
36101055
3122099613
93443168
14857525
388297236
14095216
247334603
18456014
87584353
18029139
12687842
515822213
17066312
28502793
1089859058
17945904
26607712
2181453624
205864193
575658149
9167352
14587949
24122912
5402612
18289929
41605985
125115830
1226281657
333533135
377609596
36426516
36730584
15694286
46817943
20268045
16469463
15360995
19787735
27029537
42389136
44653060
1060487274
12008602
16977023
56767953
36776808
31528187
19362341
29722241
52503751
33919343
17171111
1327675195
1025521
38381682
43166813
18400385
16929600
15198507
1339835893
15984306
33750798
12814702
97803194
59536644
20073530
206803921
250912539
15164393
116836560
339760532
59925401
234370900
21146211
225123568
23535710
18978610
54682125
23359363
17078632
12673222
375662595
18149465
19929998
19685365
81121879
80102969
100330676
41351252
14434070
52293877
221397417
15652540
62607297
30261067
31532083
70837868
30249306
43476440
243291022
19636130
17009186
166608401
1626991
1288967479
28576135
18148466
2796155975
46724483
14177942
28143682
18097821
16119129
29454444
21434408
56700964
29443725
23466918
17602996
16000856
15483390
354933574
198959733
177584156
9689662
7848802
21660348
26818986
35415477
119516865
227745088
61263431
246447524
104237736
25630016
11014272
49324978
20733756
14146802
20166674
168506048
2695663285
15856366
229873610
16725276
33276161
20097342
16249259
106776691
52070270
14616022
161044052
19629840
329761746
21351432
25446308
15753057
16608612
1931631
16732770
115749048
13784532
17818461
7259302
15864671
27513648
1880674038
58658349
240135871
37723353
233724961
216481299
23247996
109257354
74286565
217416964
322401882
16514116
18213483
22242298
120295432
44135635
17825891
93069110
404422077
96405362
82689705
17963725
21925192
21348880
14676022
33726864
230981077
17379685
1068481578
20247181
224391627
8349572
15136820
354399766
38429399
221447516
14194143
243639047
16001789
237750442
615443591
237780351
27860702
12618392
14848513
41377639
15245652
57111966
16726846
245424983
259300516
329746058
16898332
21692054
16724361
14437161
14342564
59031230
14091360
56788628
30045475
120233868
121540651
288352064
20479813
315878798
237112418
14367751
23951197
426917520
14695985
16671570
9567972
48366585
36686069
64432312
1080602371
17813701
16297644
404132211
19693661
49706919
16068266
246769138
1023020557
8539242
29738565
79213181
19208825
77805733
69091913
18916061
17266434
65744750
44174176
41602160
621523
32521584
16297707
15646547
1176994477
24645354
20444463
4087871
196824385
523397097
1781551
218349372
250386727
16474026
998576058
306336521
757832485
140457196
243820238
15195679
104576097
576520016
26520417
11110982
19546277
16172747
285252127
150686538
408195377
1089303715
89222289
20259954
235719973
163162704
272395158
3026622545
32488919
16279854
47947898
978620492
68834620
26447410
17086475
80638910
18124830
22267234
21658543
18939358
80317299
23387115
229592356
118130765
17919972
21684013
58869089
46927338
19417197
19568591
78669790
83795099
87599123
487636923
476390447
40116885
19539716
22422168
133400890
1090009730
30970039
188001904
191469176
18637396
32007916
372575989
309680827
422827850
61083476
15826822
301549400
1046657701
103868633
15075753
113047940
16912739
14231321
15297551
21293089
18137749
1058256326
252819323
26810542
15172810
294145954
229207628
17058879
11640472
21152918
337453078
33792634
18565158
49038014
154909422
15661604
32007346
19408986
25726636
474974313
38109656
5145071
19918005
14293310
52774637
173999134
171813900
26538229
18949452
216003160
34401125
27477243
15676492
35758513
139782438
18197668
24183358
246789509
242727646
18172905
198532943
44209472
45450902
14659350
38349184
28176898
252531143
8940342
312189104
16651693
1390186333
194705638
22055226
22811375
294084341
20867568
50055701
48079753
250719718
14066024
15519845
15525938
94197072
46002396
41814169
32673051
55334133
277165873
22026877
48115928
23092890
110918004
117656867
44682276
46713710
22185130
34116023
69004966
16456599
54621739
29450962
15584149
107633302
22643191
32422915
24852012
158397501
15182074
23126875
17900421
32506723
18191358
267921808
1225814342
140959145
14774486
14190948
16157855
16302354
43970862
41410702
44177383
8960722
16168407
70756980
377534571
40923348
39520162
39834947
2411400990
18018355
21702539
24750798
234467536
37281592
20194941
131546062
21842781
38495835
30253471
21518962
103927659
58113278
218523764
16017475
373600871
18611256
83949216
22799750
16076032
844062990
23043294
20072229
40653668
49059418
1933042237
42135344
90116420
60777394
22545453
153944899
1074129612
18481050
14630222
17402815
344972339
89460898
58928690
360285166
1135486501
299798272
27086783
19686644
246088673
17556805
11856142
78368586
1138688364
41406133
467823431
29259675
24476251
14955722
71627462
334824599
19296440
377016559
17294950
105242077
235251868
17349381
109375982
27703934
6724252
368992130
14632446
15782399
87271106
18388923
14133773
21696279
17499394
85892107
50948509
133872807
11384102
19668491
26775504
2155397910
15501934
5392522
346197350
81155662
19881382
28265605
17091862
237348797
19419870
146569971
15293542
29929730
36196298
19834403
310455468
31175661
163584265
12925072
120556883
245451804
18228898
25381657
17291452
252398355
52992670
717313
69773058
314205957
41272328
11866582
20597460
19679854
52537790
26062385
69684767
24797315
15993122
44513878
23642374
17194296
167122787
21706721
1525086182
12230992
287413569
19407835
114916322
757372008
17503180
46367721
379378754
425268743
23010592
308233424
78403308
413260397
14369130
342601720
57768217
373551099
353834752
18996618
15220768
18640821
18997592
158060289
784965392
48029066
35567751
36082429
146099856
227341953
18492940
275825889
246478393
14068794
17387589
16266236
15451696
19079396
16042794
36590105
17934084
31611298
102172717
19618184
16143986
285198536
59045843
231094495
32304094
3027286779
21786287
37011248
157072047
336085411
22952132
16669075
843876602
5558312
158426909
14514804
345158526
18655359
274581613
110541296
37526845
14924233
16061946
17265327
49700792
10771662
21778391
20002475
106465257
149913262
135297032
103949895
217284148
174307994
26155798
16641577
15065156
76091017
469194846
16365305
119250381
21982720
130274805
15433452
47736933
63150856
21815363
75347500
26029012
61636488
584139171
44039298
219010139
614441689
22068041
33563161
16958346
38496530
22703645
202270507
23434446
18576537
15664760
106816456
244243985
98910693
12811952
18795726
202759893
20078009
14631598
38285038
130617778
42608496
111689606
82423741
240385577
14276734
92689000
430834036
175711277
130684893
292549803
15463671
99589232
28582749
296245061
21220931
15947333
240427862
46560358
46213956
218975278
448077090
52112689
65146567
14857739
72198806
21703263
18825339
15383439
113127789
37656339
23327166
95270375
1604366701
16192197
5920532
34371118
104570561
479872233
614542142
17301179
25781141
17582899
2975350155
15689503
22643800
222622640
71569841
335996055
16423109
5692542
22192142
123738314
38441030
240393970
5660532
139574248
950328072
20115740
85131054
15515169
17770086
65388593
70511174
454947269
430235090
39155029
389028352
19576571
119491006
67966660
15780280
39250316
80617430
234927299
20209857
17409240
57065141
16360607
34159237
108710418
57625403
607165880
6385432
90021188
13832182
461697741
16081831
46955476
21534951
19701834
18778634
65698096
14855994
17087824
323392744
2511408984
15017412
15952856
117833629
153919023
156969952
30524827
48605417
33823550
49992096
15935383
15731588
290317816
18021496
16149614
1373441167
108351678
156783075
177212603
17074187
37721930
14185317
130496027
158398519
18087450
18057820
15769327
148453195
16259228
23453250
22026825
17075423
7356562
405880248
185721797
14515799
381036656
1080844782
163486896
16593823
109441206
28178127
29221344
68839395
31127446
47739450
17493415
36403186
256113470
21114659
15723971
17118279
58514430
776664410
23562007
17090912
17007608
61318348
377949581
50729420
14248963
30929600
19806962
200010221
234128524
183667282
2704951
17777458
78138151
16116519
368918608
14692385
48269483
20707966
528949429
23083404
15922214
216503958
107514329
194233791
347466521
682333
36921540
15971670
26424123
20791372
108617810
80473367
15894074
15169032
17842366
254082173
73408582
906782533
106516018
15700423
300969036
16296683
63039818
15749725
29458079
47968639
14281853
18025557
21880237
136526394
15945457
90728698
93963456
202294396
18028893
16145763
15944011
164322849
25535595
270154678
18208763
28049266
28414093
551195347
28165628
122212010
1410590874
12296312
22138357
240282772
227841653
788524
328679423
14050550
7651512
14630267
15302642
24703826
24752484
14532688
18277078
46813718
34113690
5447242
127486569
15812612
234906311
356278148
20748745
89220865
262800581
5171141
248820306
20113397
36511031
21530025
8216772
15235829
1433356862
23394127
19740592
71120500
28652194
19658173
237814920
783214
17028405
23585395
16228326
1479821083
257019844
71294756
16228479
157064188
133456403
109724344
1433584531
80403646
116319448
199400127
13298072
23798694
224654258
205392468
121626258
64533011
1367531
1058520120
46220856
83932732
22271644
16030518
2361650234
5496932
252249233
196186298
171228400
281530541
18810387
87712431
44397959
65416742
43022466
26878188
63506775
21247089
8953122
15738599
45626822
15551300
16224735
14717197
83462293
17527466
222487879
17001435
385429543
21775637
494583213
1636590253
21337440
55581437
21762137
18226567
19863977
36791063
16613128
21301913
5513142
145719473
24091188
23621827
21800063
19771248
26778595
14693265
335104222
2696643955
32475674
17714851
15471040
36972997
237504609
75398827
7860902
18403114
49135957
21313053
33696409
21394764
21650577
2914571740
1473110280
18221780
15473574
14828860
61220477
18197328
98471035
48425512
60216260
244268646
398269985
221563863
130649891
94103877
20009204
18424289
15097615
242907470
1060860422
344805504
16129920
15491840
1125409915
32359921
28480805
8753672
18461227
116748080
995193054
150724371
75069067
85146136
37760670
36804447
12674922
35829796
993153006
124163000
76076931
234812598
29823308
14993272
16960896
115402745
46447090
31285973
90658621
15612015
334715818
34082620
137407124
115462350
139738464
79292033
14095706
22650398
1877831
2361224263
77852581
24002724
17951850
583875731
17049255
1077446982
131497030
16193222
57976073
18981604
822039337
302192666
76707735
23105781
963480595
25103967
1071900114
442824717
46733238
29546945
14141323
262799941
28498887
17480797
313719282
24232525
27899417
143798379
60763047
92079350
48177456
18152363
17366486
16225921
19186003
8839632
8370082
20852423
14851290
4248211
17006036
23753100
20928192
118188665
2237004884
234493276
16623835
23863635
21789463
15839947
17090066
1061292174
238251587
119421760
17767146
292972175
10929352
289374103
30313925
16051808
18005415
24903444
15723290
90252949
16616061
28448216
180524012
620298978
7619982
16411611
14989516
20269833
9668852
410216127
48817182
49733381
549374169
18020081
17881467
21136619
334053327
199325935
277561227
234053893
34698840
11072912
18286677
20568127
69324314
122473388
293709920
90309830
20747881
22527499
18592146
5526202
14224719
369505837
45408299
21879831
256493718
461292198
23283299
41173885
121795745
14647570
16896485
18384302
262754003
23534104
273992516
50434933
18981785
142300344
15675351
8406052
49457533
8795772
2992751
18915795
16039421
809552311
309274068
20173458
16760131
25767155
14129299
83919094
310310133
56749157
153149305
249348169
1623730970
7713202
22047070
3044993235
15359578
16250929
2557507771
28347876
17270262
15496979
57740527
59184319
317854991
15087011
26535379
140928543
309354920
278093318
15639019
334162338
13192972
15745139
27228928
17641086
46004597
15147042
437048841
39384517
17219868
342887079
48530263
39249305
17011177
159609655
237418907
234141596
109328493
1060984272
270412323
264219447
14093404
65502117
518644221
68437232
117809503
23600262
22575762
15394954
14276152
40057701
2992440550
21346215
37131103
15429511
17539497
1058345042
24061661
15781389
26572460
32537213
22047229
44309594
168780835
23545095
237403203
189542696
242256735
449850814
84677520
20546536
94366606
193872188
75939860
242376736
1060370282
117839957
52419540
18678924
6092972
24178302
15552221
80928773
280604607
13393052
11611052
38274353
31620282
94139317
20454896
456911539
110899711
50836715
8487622
257549999
18294521
40924038
65664369
107441863
1759181
15766082
244212645
240812994
347395654
15741263
1653246264
36573744
236899846
39348261
240014188
105939814
778057
15518969
82657929
15937684
267854863
155724750
80612021
975200486
25294855
16317406
16051471
208692908
20060293
182815759
8859482
16573859
15731368
43963249
31128730
16390926
281282774
21688902
42871498
63787812
20542307
47455112
18955317
742143
73147282
299877078
31855526
15416505
1444446630
75690416
28144343
38146999
161791703
108993692
11246242
15702490
172414996
70708097
21005767
16887628
44196397
9677372
2964174789
15730075
334127852
222177693
22077368
18480494
16729099
6577802
17469492
18566907
70526457
48125246
112907328
85365067
35785401
20975060
18170046
236487888
183767243
44219965
15012352
17914526
24613220
7487922
15854702
218027755
26668729
21397043
44401911
36667104
16657699
6782762
117439544
15570735
22451908
210862000
61226587
960962340
1392282998
28676469
3497941
244265058
289072583
231854033
17910554
47652227
18267548
24735461
33663774
154252277
44960116
19665583
113763245
14179819
21631487
72273570
16334857
264268489
47694175
136250134
217837669
27867017
9411482
26133429
21782597
12591732
16100610
22233925
28587919
2207588833
607289206
11347122
197567344
7496712
20685982
97370449
27048645
1622933460
59238436
295685416
22737278
432766911
116324294
14625398
94612298
26278266
185684821
33235771
21765964
170767454
20600214
18530662
2792540601
21757798
285744541
16874915
76185102
147725246
114547989
24618431
56708256
22789766
18822612
234374703
17243582
19824059
13857392
28159908
14261617
34537273
27948604
57770539
380530330
74482441
47341545
41655821
388555493
86198852
15455253
16045268
2252090803
17979132
22708797
221793778
19038768
114859756
15365532
15779757
15224941
24904117
20463418
2953974395
19224439
314216196
21027715
128645212
203455506
16560489
52789108
35566561
69480815
26653478
16164520
95511687
18939777
23097748
56413858
364423298
14882554
16710420
47776907
24219344
14192541
15281779
93288759
31198756
104851609
14669951
85634177
19084896
70442821
16224670
18244206
90490354
15723287
20778387
22823767
58708159
282735852
20522862
92055121
21416670
103929010
16244789
10433782
15458181
15932085
22485748
38237450
26837501
271593651
759251
84457849
95281047
33515703
17166210
46727968
15612282
18906561
92102359
8775672
14984637
15947602
14286806
108083058
21731161
439717095
14775998
1051446626
17819471
204386512
19358607
149954544
30514839
1155212191
14689197
2359937696
1767741
91856333
18632666
46977661
950531
15587500
15692987
14802885
571202103
15699942
18621632
14213413
66951419
21326868
74014041
27897429
6330762
21690931
121537837
26344615
15110357
59204932
52989817
20725994
18343801
15443890
939091
83603750
57113066
36957404
167518667
14964429
41932411
16409758
51241574
211901075
937723303
84606191
21789755
54230879
28785486
23967554
21019697
35616518
109137600
13524182
14085040
233761277
18451200
15576494
19784264
249722522
125984383
19725644
16566133
11695602
29209404
335868637
18811140
114607567
44615672
22677427
257661436
15954997
17789578
293852054
220810799
195039023
2059051
16580226
156030129
14511951
20713061
21520307
58562226
23817772
34023198
65056071
50918998
17922886
43412697
351065668
24165761
262970655
121312996
65391175
63073834
16602995
110696122
214112621
13322812
26714962
52885183
42954971
31128529
19792457
18482836
21634627
364324160
22372931
233737858
7126672
24816848
20002401
166545476
16565260
12044602
2398066861
15174710
6108862
82161632
89297892
16180004
20480549
61762853
19416225
23016395
265993392
305216911
19889946
42822396
53127197
16692057
7081172
15691217
14110710
25110374
18229117
935368364
20071932
6980622
73975180
129879105
295731821
14940354
237770636
36677338
30944238
38712914
142849883
21249203
61127668
51228911
36948268
24186110
202206694
41533245
158769098
164383046
15750214
21787433
97474887
28902856
16935023
1222716350
17752368
18695206
14790524
22300305
47397798
36743910
103594788
22771961
476209692
98687810
20455522
90651198
450941680
242555999
15570213
1027156464
25796213
69641276
13115682
249254770
208155240
166235477
30973
17837184
102238997
237781383
266352128
20692197
1083448909
7563792
851621377
24905240
15201979
309978842
20465881
31779156
171632862
70986916
19847765
16086928
119784462
73206956
15858700
212320989
15093646
256178459
15248150
77920769
121489431
136389258
20796447
50798417
20245031
128598500
42995067
757303975
18001922
48075643
19726613
15640533
312800783
78716886
20793816
14465607
54624571
19536617
14463848
18912298
462143773
5507542
17272677
19610051
72631996
14107459
491350825
19912734
15918353
584012853
731167584
2330712260
14238142
78683259
239561508
15752013
305389392
432799563
138182116
15727317
300254302
155987003
211530910
20410788
14153020
80698068
2962891515
9643452
2250579284
16028233
35762860
39311638
24484939
446568165
74575288
138977055
39419180
16019871
109614008
30694631
52714526
138809881
43923842
2724095695
236541422
15786922
15129727
16624180
79797834
108052596
20926802
335660433
25098482
246357149
23664429
227373977
41405412
38271276
17635773
15273001
55455838
17033503
17642330
27518942
13783772
73186935
16140124
48802204
14415941
17800215
64485600
16492765
305189255
500436115
720504404
53039176
104727439
117432541
246341769
16377693
1564728318
18320874
1485928500
14245881
8249832
64723403
218936411
430130014
950783972
8162322
75632874
250710495
22928810
2612307559
352548417
1344951
23492750
19784906
44767773
52521572
27756540
90614279
13657922
16583468
82179730
325830217
15024479
142321780
10774652
428333
487760032
21431618
34047021
407013776
233484761
250850171
17884446
52487389
15946752
27157127
239244397
121208305
16139049
13058232
851555820
16256269
16198573
21314814
40887204
106498703
15716509
15745368
247486443
47954642
20801445
82677928
2735591
17375281
2303751216
47975734
93950784
2853309155
118228048
27978179
16640598
234937222
326929954
28264799
28796289
90416226
33530012
7905122
105929549
18697188
342894187
395030396
4655251
170034104
238264015
14081659
14096763
220081296
12340562
19185333
164369297
22195441
20177097
4170491
112630438
27114180
17091571
858646280
297498647
95297779
38720373
24295482
1093338182
18038892
1915470624
42703075
14535616
259074538
84318793
451586190
131839804
75339427
43888471
7402662
322013313
69022849
119166791
1002323377
163589845
19766278
15675138
17198100
17995040
18810140
330579721
22797378
20733972
17738678
1444015610
71281860
24112504
143923948
34245699
1630896181
110974198
45970002
103022986
497094511
18144581
15464697
27105334
266719387
50152441
14957147
581141508
26487169
14110585
1307544762
50313443
25249798
393005076
1072585873
426802833
52470438
14703188
39515894
64098343
46662081
17896154
16814727
19400611
13749282
18060563
38477209
148878245
403699671
17607843
92162698
18772897
19214284
156005263
16910252
15255845
1769551
147711469
18026772
19242010
28337697
15355482
459277523
38507478
86177206
17545624
21786618
1393155566
233999760
21768766
141313671
65653558
15739494
1071840474
78419512
44777959
39812424
316580588
1092757885
16930125
266927095
148086041
67882820
19826165
326255267
237763317
406318939
15141113
18164420
37469127
6742412
16068485
21918310
26324609
22055109
21137449
18943752
34927577
13023332
18026634
575705670
18163042
142896252
318518392
28471924
255109294
61734492
70799725
257091348
28811251
25916881
57963724
23996721
1908143071
285119407
15738935
266084180
23022687
16721621
38433502
76027332
32010840
52118721
18632809
47448886
26781439
135931182
119162694
958081542
150110556
221792092
171598736
180898332
41144996
61120062
355906128
15369049
113436175
116763916
42719085
14352112
17463923
20732140
16018516
19568273
234797704
132241469
18093701
115733549
18868201
16317603
16162149
2964287128
15109378
15603311
21909248
63650107
213767250
19713940
105247544
19336661
25086658
183898020
63796828
88309377
45190383
242944499
14816063
43315437
269895338
6577642
16834046
104914594
234361966
5120691
19089116
28348670
14628475
34739408
17611447
334894942
14345113
161023696
19677673
32497478
40506540
38459769
21062652
17432280
29175111
17506198
72668126
22835289
20064236
56573807
22563843
25579796
76133715
23103488
16664681
23496432
15186308
253132497
18125737
19112266
1283671273
17325090
52393883
26820795
26834339
2932617195
14858000
254217041
49964679
29607664
109034782
7100612
432557320
16163639
22509548
7868832
16339967
20113797
88186553
22053641
22931765
9272862
1092979962
61089546
18333859
63363638
2149973089
14770470
231510077
259918701
111379452
65106660
584912320
47720065
25951078
16364399
747876121
15492359
450697476
61843868
14287627
78941245
1394399438
116534252
70156027
10069612
17757005
62595469
26585095
42692687
20015903
18027450
34493115
29575412
37007274
19312262
5469742
89820928
394392730
207660339
61583656
20094138
168295477
158826094
52596376
67215899
69489370
180846791
95273627
300430043
966442267
20412174
2364311
14615871
84459364
19326390
31048444
17674136
254226686
16273831
1531265618
252888830
86129724
453319164
154985728
15791414
35859588
5031151
1613223313
21536398
188760481
168673083
129360573
18558029
249219716
142721190
17566505
15769734
29738476
22685200
5815162
471891309
249674727
116835497
92407522
809352228
217454583
18196597
53176629
16686673
53178109
46648807
34310801
13262862
117197307
45332516
180389279
24431892
16467567
238706098
555473643
37094727
134926562
8559342
10318712
121147627
117509692
239964567
104198706
108085194
20818801
17907987
1058807868
18588822
35013862
19808819
22411875
15406238
15841335
17454769
39525554
11856932
32562930
16072676
27675227
19560297
305732399
488679352
27671624
14834340
514749390
110545675
154233179
19775920
15827806
213182436
5763262
7334402
16371006
38421062
74198348
15361570
15109516
90077282
1134292500
25382012
114345663
78569026
35654845
50310311
170432851
18280993
190328374
398088661
236960387
7730052
56440142
176541271
38254095
305620929
77250424
21845498
15738163
33348604
63749707
63783555
14677751
16457416
183637495
58966831
16232940
21844854
84129740
17467699
1096059529
25104363
176950935
20469722
38026405
218347440
10221272
110050273
16298388
14922694
48037533
40260612
235271965
15951941
28614550
16808846
16951485
20405322
12889162
43638469
112047805
16084075
230859523
11280062
21046753
87760251
14275562
1072008757
87612710
19479061
71019945
3648061
16550142
137454693
14245378
77517639
27347950
83636590
46424263
18188773
278124059
103896637
18633493
388456346
45604374
233695891
106135104
19375469
618586017
21040094
6096642
13396002
2903882167
67323033
2976606250
101802390
18780213
27027979
148348430
228768266
108416848
272087231
236221098
339332911
278776049
23501907
43425975
16015621
113420831
42660729
15918708
15837791
1077121945
31122582
18468610
82649797
15430772
15667291
125445568
60828944
352534407
912598626
1072382221
19781646
18486881
205336320
34793128
69073724
67447390
2557521
115710058
26809683
322754909
18266688
19602035
54207182
22826294
14677919
15951223
531627880
22830824
32485396
114870265
19989172
168830539
27688281
252296570
24946880
34438597
24712487
87048122
272542662
12952842
306326228
267938462
26283307
15985455
18915145
392810019
22109355
997684836
14780915
344233703
19035963
248768262
41292079
15012486
19607827
370489880
21111896
119784192
39653808
32265225
21425125